-1638 -1718950004362
-1718950006000
2815640107144956

67 -80165792
-80165725
-5371108064

249312363124741 8661
249312363133402
2159294377023381801

-3680675123475 -9483952926
-3690159076401
34907349606936137537850

17096594955110 34965948653911349
34983045248866459
597798661357096064682574543390

-940 -8982377327868326439
-8982377327868327379
8443434688196226852660

-38372421817758827 825800165
-38372420991958662
-31687952268554839266806455

-8549031292540881 891714
-8549031291649167
-7623290889996799160034

-57082332005509685281 1523393040
-57082332003986292241
-86958827284162696209665844240

-9920518672 -78114882804642
-78124803323314
774940153424542689275424

6175485533 139258233741532661
139258239917018194
859987207821967409252493313

59118994175645375598 45467706530
59118994221113082128
2688005077527023211041487254940

73638736066779956 -8113280070980578071
-8039641334913798115
-597451689782804535853518136435944876

-4022 100
-3922
-402200

71580312907 -98
71580312809
-7014870664886

-54826053437129 -807443906893158
-862269960330287
44268962786808493421673263382

6 -92611811617
-92611811611
-555670869702

-4567993 33
-4567960
-150743769

93663340201822405074 8051986403
93663340209874391477
754175941764637281476606208822

5274 2757732319279254801
2757732319279260075
14544280251878789820474

-4 2779
2775
-11116

45739748332202897 -530046534339981
45209701797862916
-24244195085067071517339671124957

-178825 5524474368907
5524474190082
-987914129019794275

-845 -6856273887
-6856274732
5793551434515

-27151726364632058198 -7979723775654144474
-35131450140286202672
216663276421909905690748427363468097852

-710105628787285881 769515114861082
-709336113672424799
-546437014499749151515719134983242

675769476 8830034
684599510
5967067449242184

-6 862
856
-5172

-664944599000 6301132684299687
6300467739700687
-4189904146007448968040513000

-7018 820155852348
820155845330
-5755853771778264

-69043973970613488965 -6398979015702323613
-75442952986315812578
441810940598653155817888290871434430545

5085253992 67
5085254059
340712017464

9824972 412798
10237770
4055728791656

667 9
676
6003

2598965250382 -107586988
2598857663394
-279614843205265229416

16003036149092658 49699423508703638062
49715426544852730720
795341670998849785217467764933548796

749908135503 32986184298967769457
32986185048875904960
24736607964997253120989620731871

-893 50930544251975331913
50930544251975331020
-45480976017013971398309

-69 -3812
-3881
263028

-32073310253108 -83110049226286888927
-83110081299597142035
2665614393985777877058260252535116

761129420873820128 82876228430
761129503750048558
63079535749132327134859839040

1806 -8004
-6198
-14455224

-1481930042996985437 42184332
-1481930042954801105
-62514228934559108673573084

-9 40
31
-360

8169118 -27995309253216668216
-27995309253208499098
-228696984736018842223353488

-96945588274656699051 24900271807451555954
-72045316467205143097
-2413971498572240333582752774919465199654

-5401039655 -98755980989355554432
-98755980994756594087
533384969491935482381743000960

-32130224497610 53227784
-32130171269826
-1710220649430293596240

-164083288 38617515
-125465773
-6336488835589320

919673274254597970 63299558271
919673337554156241
58214912013960288291693309870

44593791164859220 410739147970398
45004530312829618
18316415787824138156682397369560

7285455 252273
7537728
1837923589215

-91289513390046 -69667
-91289513459713
6359866529344334682

24660958743 -71785412287690936
-71785387626732193
-1770297090775991419431053448

10066531430 -99192
10066432238
-998519385604560

-20758967435053 -29590847
-20758997025900
614275429248635759891

-29 -373391051
-373391080
10828340479

-633975682995307235 -59870
-633975682995367105
37956124140929044159450

82795249183193 59655685844585326207
59655768639834509400
4939207374696721441981910206838951

4 2195606738365983871
2195606738365983875
8782426953463935484

236533411089225934 56409182923373
236589820272149307
13342656453621529347817806355382

85662188661895 -9
85662188661886
-770959697957055

31996069053359119106 -192291628470
31996068861067490636
-6152576222908996336617430547820

-1157116 -86442050
-87599166
100023479127800

5645102179213 -766
5645102178447
-4324148269277158

84082 -9099478238740
-9099478154658
-765102329269736680

-18848818588790345 7907
-18848818588782438
-149037608581565257915

99256982389 -7137762068
92119220321
-708472723880348220452

-87482 -854139876349
-854139963831
74721864662763218

5613534917399699805 -29336
5613534917399670469
-164678660336837593479480

21260309 66410375399313938
66410375420574247
1411905101795412709886842

-349717319718 -8
-349717319726
2797738557744

-463 63
-400
-29169

-653 -295932673940694340
-295932673940694993
193244036083273404020

-9 -5
-14
45

-24259759250720379 82
-24259759250720297
-1989300258559071078

19821 790093704610749
790093704630570
15660447319089655929

4588674657788038 5570808555
4588680228596593
25562628039717299467065090

-35822185790210394910 78629780
-35822185790131765130
-2816690587803369505486419800

5486804520144011 627311453470761
6114115973614772
3441935318441480892365497762371

-1551 844339169
844337618
-1309570051119

-601661232370397744 47470945
-601661232322926799
-28561427270487370933548080

-6578286076243392 802187751164262395
795609465088019003
-5277020514016866182970284172843840

-71144843815575291065 -511057699
-71144843816086348764
36359120176102288612934159435

56716747129853194115 1233
56716747129853195348
69931749211108988343795

-53 -42
-95
2226

735047653493 498976702
735546630195
366771653952775920086

-282818755314342995 9757
-282818755314333238
-2759462595602044602215

37028822079681576 4259205
37028822083940781
157713344145890166907080

315590617786391 -1857305584
315588760480807
-586148216672673723507344

9966287624 -4882949327
5083338297
-48664877446299229048

-77711499262 -766040255
-78477539517
59530136711094791810

901276 -2524586
-1623310
-2275348771736

-2221538 400633159
398411621
-890021786778542

16499021716510 -5556028
16499016160482
-91669026629537622280

663055 615815906250
615816569305
408319815718593750

-655685946 39874897
-615811049
-26145409561097562

-164321870499 19617060
-164302253439
-3223511992891112940

-7236839737419 -263
-7236839737682
1903288850941197

-74725713188 485814
-74725227374
-36302797626715032

