7984173558501995 4203365377
7984177761867372
33560398699766169768427115

50284389 61
50284450
3067347729

21308169561 5154189
21313323750
109826333161441029

5426 758053222979
758053228405
4113196787884054

1287 313982465529
313982466816
404095433135823

324516753900444579 904297174281775835
1228813928182220414
293459583559266489435107024118948465

7980548896796 17248431170315442
17256411719212238
137651948347722639836423123832

4851 98028523434
98028528285
475536367178334

74004885127 26426421204612
26500426089739
1955684265565028022605724

219248480866456 77109806846598
296358287713054
16906208011022459472115916688

48709711839 97362024989124159
97362073698835998
4742476181281754893883218401

26930518 3058014355941148
3058014382871666
82353910656931493154664

77794 9239
87033
718738766

7931752018373416522 267504512847203
7932019522886263725
2121779459699799925712360861687966

861772 3396902211843969075
3396902211844830847
2927355212905200917700900

80843484958 638
80843485596
51578143403204

907424506772 47082583142748
47990007649520
42723889785859785568689456

16672798975 464987675
17137786650
7752646031127633125

371437315 475254
371912569
176527069703010

5442158 75710396192094215079
75710396192099657237
412027938319975069345900482

965039015 36527940969499
36528906008514
35250888173183460003485

49247116022226551 2
49247116022226553
98494232044453102

2347458012523154 454
2347458012523608
1065745937685511916

7084360722616134 34
7084360722616168
240868264568948556

51265862 39136481628853025
39136481680118887
2006365466350314397932550

60978 945736977330414
945736977391392
57669149403653984892

2 30645884920817495
30645884920817497
61291769841634990

2046606362320611 979116245240572
3025722607561183
2003865536960822314221889029492

767610778430704 96885149
767610875315853
74370084642264743214896

3 88586479974084
88586479974087
265759439922252

21341349683195085871 857296810702534977
22198646493897620848
18295871019490702333716788448896009967

6492811125303509668 46040772361
6492811171344282029
298934039003067135658750686148

531406947991471637 47523
531406947991519160
25254052389398706605151

9058 482
9540
4365956

800372 87246
887618
69829255512

75182 106537883435228
106537883510410
8009731152427311496

3 9362560821755
9362560821758
28087682465265

82959 6246818137321073315
6246818137321156274
518229785854018921139085

51001579203 7571653007
58573232210
386166260534143613421

2 650970233254543145
650970233254543147
1301940466509086290

86706 338562596
338649302
29355408448776

3351 9329670529804086245
9329670529804089596
31263725945373493006995

7147728159639505 83424023793
7147811583663298
596292244055662167422742465

83206896116398 9600420
83206905716818
798821149613789687160

43903 826512120359
826512164262
36286361620121177

7122259767779193270 6
7122259767779193276
42733558606675159620

6467 3
6470
19401

973286281690256831 24603868025
973286306294124856
23946607225250052998278728775

5238 957
6195
5012766

6214570225974613 192822
6214570226167435
1198305860112876827886

53986642 7795600874742
7795654861384
420858313599583196364

9358719773887720 85738125266880824
95096845040768544
802399088311219918165248397081280

477992 4136488938
4136966930
1977208620452496

146672 8
146680
1173376

10857351 4067
10861418
44156846517

453656185348759 52222647014
453708407995773
23691126833185999739955626

32132491 25459030500742670
25459030532875161
818062068433839337090970

4914 775463589003
775463593917
3810628076360742

76134652 5007441548813841
5007441624948493
381239819729282797318332

157351120299 2382874445338017
2383031796458316
374947963505795212685107083

2308065402671 67873818370
2375939221041
156657211926972366866270

39412903864574192 5261224785434
39418165089359626
207360146678225222698973919328

241285491 12947381756532
12947623042023
3124015364289266077212

81 2849
2930
230769

45981054141390 76174016851950247910
76174062833004389300
3502561593036678597160342691994900

26916411719205 5
26916411719210
134582058596025

83591144 1847899157
1931490301
154468004530265608

39804683911241568450 226
39804683911241568676
8995858563940594469700

3059038269065951703 293528
3059038269066245231
897913385042390671478184

564708 402860343
403425051
227498458574844

72 71031
71103
5114232

7665912283489896084 57316350206809429
7723228633696705513
439382113095189047526804936401376036

3338 65
3403
216970

3986037502992 7179405376963550459
7179409363001053451
28617379081759129150591155473328

2279874 147
2280021
335141478

7056698066 3
7056698069
21170094198

740647493554878 5555
740647493560433
4114296826697347290

1795982142834744 1826
1795982142836570
3279463392816242544

85791587049 8578076
85800165125
735926753866937724

84 497213
497297
41765892

227684 3604562685
3604790369
820701250371540

160581277104482152 58602836092489
160639879940574641
9410518261676524156699521756328

61 4388694954320
4388694954381
267710392213520

618416336987 85190181568
703606518555
52683000032540004055616

903029319748550495 5315194613203782
908344514361754277
4799776575892571226419482551972090

1215 606805
608020
737268075

300399237340984 14293
300399237355277
4293606299314684312

7706750 90752616257378749564
90752616257386456314
699407725341553678202357000

6541296 6241924243805304
6241924250346600
40830274088306659833984

95742696 37474699870554
37474795613250
3587928797397690973584

830687284314126 51903128033
830739187442159
43115268473141154368494158

48 989788674426
989788674474
47509856372448

6706730579312 458847563443217
465554294022529
3077366984987426423826926704

137 7923
8060
1085451

75318310 1514412
76832722
114062952483720

8649151896990 76668043
8649228565033
663113549551960890570

7767051568782452869 2269532072
7767051571051984941
17627572640229690777023914568

63760719666 932
63760720598
59424990728712

4265898618871 784869128035016242
784873393933635113
3348172129279061852873852702782

72952394806187022 6599172
72952394812786194
481425401137934822345784

